         c    z    k         a      mean       std      skew      kurt
0      0.0  1.0  1.5  1.000000  0.000000  1.364138  0.000000  3.761954
1      0.0  1.0  1.5  1.010000  0.018212  1.364489  0.045893  3.764744
2      0.0  1.0  1.5  1.020000  0.036261  1.365526  0.091321  3.773000
3      0.0  1.0  1.5  1.030000  0.054168  1.367232  0.136280  3.786559
4      0.0  1.0  1.5  1.040000  0.071950  1.369590  0.180765  3.805255
...    ...  ...  ...       ...       ...       ...       ...       ...
15246  0.0  1.0  3.0  0.684932 -0.157334  0.836123 -0.452104  2.822165
15247  0.0  1.0  3.0  0.680272 -0.160836  0.838773 -0.461483  2.838418
15248  0.0  1.0  3.0  0.675676 -0.164352  0.841470 -0.470863  2.854963
15249  0.0  1.0  3.0  0.671141 -0.167884  0.844214 -0.480245  2.871800
15250  0.0  1.0  3.0  0.666667 -0.171431  0.847004 -0.489629  2.888929

[15251 rows x 8 columns]
